1.165352e+01
6.210773e+00
3.313332e+00
1.772254e+00
9.576521e-01
5.404634e-01
3.559862e-01
3.155529e-01
3.511768e-01
4.241279e-01
5.245407e-01
6.548572e-01
8.223148e-01
1.037293e+00
1.313499e+00
1.668793e+00
2.126390e+00
2.716481e+00
3.478341e+00
4.463105e+00
5.737384e+00
7.388004e+00
9.528213e+00
1.230580e+01
1.591374e+01
2.060415e+01
2.670655e+01
3.465186e+01
4.500389e+01
5.850054e+01
7.610811e+01
9.909239e+01
1.291121e+02
1.683420e+02
2.196337e+02
2.867287e+02
3.745364e+02
4.895021e+02
6.400888e+02
8.374130e+02
1.096081e+03
1.435287e+03
1.880266e+03
2.464199e+03
3.230728e+03
4.237264e+03
5.559355e+03
7.296432e+03
9.579391e+03
1.258058e+04
1.652699e+04
2.171759e+04
2.854632e+04
3.753222e+04
4.935942e+04
6.492969e+04
8.543196e+04
1.124340e+05
